1	161725	招商中证白酒指数分级	股票指数	19	4	3	4	7.5
2	002230	华夏大中华混合(QDII)	QDII	8	7	21	6	10.5
3	110022	易方达消费行业	股票型	30	11	10	9	15.0
4	002534	华安稳固收益债券A	债券型	100	1	2	3	26.5
5	160632	鹏华酒分级	股票指数	100	26	11	11	37.0
6	180012	银华富裕主题混合	混合型	100	23	20	10	38.25
7	050015	博时大中华亚太精选股票	QDII	100	9	27	20	39.0
8	000988	嘉实全球互联网股票人民币	QDII	25	21	100	24	42.5
9	050018	博时行业轮动混合	混合型	27	18	100	25	42.5
10	110011	易方达中小盘混合	混合型	38	19	100	18	43.75
11	310358	申万菱信新经济混合	混合型	4	29	45	100	44.5
12	241001	华宝海外中国混合(QDII)	QDII	35	3	42	100	45.0
13	000457	上投摩根核心成长	股票型	5	49	100	29	45.75
14	000974	安信消费医药股票	股票型	100	34	35	21	47.5
15	001542	国泰互联网+股票	股票型	43	39	100	30	53.0
16	000934	国富大中华精选混合	QDII	100	5	100	7	53.0
17	164906	交银中证海外中国互联网指数	QDII-指数	15	2	100	100	54.25
18	001878	嘉实沪港深精选股票	股票型	100	6	12	100	54.5
19	519606	国泰金鑫	股票型	9	100	100	12	55.25
20	376510	上投大盘蓝筹	股票型	1	27	100	100	57.0
21	519710	交银策略回报灵活配置混合	混合型	50	43	100	36	57.25
22	002851	南方品质混合	混合型	100	10	19	100	57.25
23	020026	国泰成长优选混合	混合型	17	100	100	13	57.5
24	519091	新华泛资源优势混合	混合型	100	100	15	15	57.5
25	160127	南方新兴消费分级	股票型	100	100	16	14	57.5
26	206007	鹏华消费优选混合	混合型	20	12	100	100	58.0
27	001662	创金沪港深精选混合	混合型	100	100	17	19	59.0
28	519690	交银稳健配置混合A	混合型	7	37	100	100	61.0
29	118002	易方达标普消费品指数	QDII-指数	23	100	24	100	61.75
30	000854	鹏华养老产业	股票型	33	15	100	100	62.0
31	200015	长城优化升级混合	混合型	12	40	100	100	63.0
32	000041	华夏全球精选	QDII	44	8	100	100	63.0
33	519602	海富通大中华混合(QDII)	QDII	100	17	100	35	63.0
34	519709	交银全球资源混合(QDII)	QDII	100	25	34	100	64.75
35	519736	交银新成长混合	混合型	26	100	100	40	66.5
36	519979	长信内需成长混合	混合型	28	38	100	100	66.5
37	100061	富国中国中小盘混合	QDII	100	22	100	49	67.75
38	160222	国泰国证食品饮料行业指数分级	股票指数	100	100	28	44	68.0
39	001875	前海开源沪港深优势精选混合	混合型	32	42	100	100	68.5
40	001703	银华沪港深增长股票	股票型	100	36	38	100	68.5
41	161210	国投瑞银新兴市场	QDII	100	45	100	33	69.5
42	002521	永赢双利债券A	债券型	100	100	1	100	75.25
43	002425	金鹰保本混合C	保本型	100	100	100	1	75.25
44	398011	中海分红增利混合	混合型	2	100	100	100	75.5
45	002441	德邦新添利债券C	债券型	100	100	100	2	75.5
46	001574	中海混改红利混合	混合型	3	100	100	100	75.75
47	160638	鹏华一带一路分级	股票指数	100	100	4	100	76.0
48	165525	信诚中证基建工程指数LOF	股票指数	100	100	5	100	76.25
49	002186	国联安鑫享灵活配置混合C	混合型	100	100	100	5	76.25
50	160918	大成中小盘混合(LOF)	混合型	6	100	100	100	76.5
51	502013	长盛中证申万一带一路分级	股票指数	100	100	6	100	76.5
52	168201	中融一带一路分级	股票指数	100	100	7	100	76.75
53	202021	南方小康ETF联接A	联接基金	100	100	8	100	77.0
54	378546	上投摩根全球天然资源混合	QDII	100	100	100	8	77.0
55	167503	安信一带一路分级	股票指数	100	100	9	100	77.25
56	377240	上投摩根新兴动力混合A	混合型	10	100	100	100	77.5
57	100060	富国高新技术产业混合	混合型	11	100	100	100	77.75
58	202011	南方优选价值混合A	混合型	13	100	100	100	78.25
59	003940	银华盛世精选灵活配置混合发起式	混合型	100	13	100	100	78.25
60	502016	长信中证一带一路主题指数分级	股票指数	100	100	13	100	78.25
61	000073	上投成长动力	混合型	14	100	100	100	78.5
62	118001	易方达亚洲精选	QDII	100	14	100	100	78.5
63	001104	华安新丝路主题股票	股票型	100	100	14	100	78.5
64	377020	上投摩根内需动力混合	混合型	16	100	100	100	79.0
65	378006	上投摩根全球新兴市场混合	QDII	100	16	100	100	79.0
66	000577	安信价值精选股票	股票型	100	100	100	16	79.0
67	210004	金鹰稳健成长混合	混合型	100	100	100	17	79.25
68	270008	广发核心精选混合	混合型	18	100	100	100	79.5
69	160135	南方中证高铁产业指数分级	股票指数	100	100	18	100	79.5
70	040018	华安香港精选	QDII	100	20	100	100	80.0
71	377010	上投摩根阿尔法混合	混合型	21	100	100	100	80.25
72	000117	广发轮动配置混合	混合型	22	100	100	100	80.5
73	001974	景顺长城量化新动力股票	股票型	100	100	22	100	80.5
74	160121	南方金砖四国指数	QDII-指数	100	100	100	22	80.5
75	690007	民生加银景气行业混合	混合型	100	100	23	100	80.75
76	162411	华宝标普石油指数	QDII-指数	100	100	100	23	80.75
77	000431	鹏华品牌传承混合	混合型	24	100	100	100	81.0
78	377016	上投摩根亚太优势混合	QDII	100	24	100	100	81.0
79	050013	博时上证超大盘联接	联接基金	100	100	25	100	81.25
80	540012	汇丰晋信恒生龙头指数A	股票指数	100	100	26	100	81.5
81	000742	国泰新经济灵活配置混合	混合型	100	100	100	26	81.5
82	001694	华安沪港深外延增长混合	混合型	100	100	100	27	81.75
83	001764	广发沪港深新机遇股票	股票型	100	28	100	100	82.0
84	001975	景顺长城环保优势股票	股票型	100	100	100	28	82.0
85	002692	富国创新科技混合	混合型	29	100	100	100	82.25
86	002160	南方驱动混合	混合型	100	100	29	100	82.25
87	501021	华宝兴业香港中国中小盘	QDII-指数	100	30	100	100	82.5
88	001437	易方达瑞享混合I	混合型	100	100	30	100	82.5
89	530016	建信恒稳价值	混合型	31	100	100	100	82.75
90	001837	前海开源沪港深蓝筹精选混合	混合型	100	31	100	100	82.75
91	001438	易方达瑞享混合E	混合型	100	100	31	100	82.75
92	000527	南方新优享	混合型	100	100	100	31	82.75
93	270023	广发全球精选股票(QDII)	QDII	100	32	100	100	83.0
94	160639	鹏华高铁分级	股票指数	100	100	32	100	83.0
95	000363	国泰聚信价值优势灵活配置C	混合型	100	100	100	32	83.0
96	002443	前海开源沪港深龙头精选混合	混合型	100	33	100	100	83.25
97	160136	南方中证国有企业改革指数分级	股票指数	100	100	33	100	83.25
98	001986	前海开源人工智能主题混合	混合型	34	100	100	100	83.5
99	160512	博时卓越品牌混合(LOF)	混合型	100	100	100	34	83.5
100	310388	申万菱信消费增长混合	混合型	100	35	100	100	83.75
101	002383	大成趋势回报灵活配置混合	混合型	36	100	100	100	84.0
102	502006	易方达国企改革指数分级	股票指数	100	100	36	100	84.0
103	000020	景顺长城品质投资混合	混合型	37	100	100	100	84.25
104	000834	大成纳斯达克100指数	QDII-指数	100	100	37	100	84.25
105	040025	华安科技动力混合	混合型	100	100	100	37	84.25
106	000071	华夏恒生ETF联接	QDII-指数	100	100	100	38	84.5
107	260108	景顺长城新兴成长混合	混合型	39	100	100	100	84.75
108	002529	泰康安益纯债C	债券型	100	100	39	100	84.75
109	519704	交银先进制造混合	混合型	100	100	100	39	84.75
110	398031	中海蓝筹灵活	混合型	40	100	100	100	85.0
111	002803	东方红沪港深混合	混合型	100	100	40	100	85.0
112	001645	国泰大健康股票	股票型	41	100	100	100	85.25
113	080006	长盛环球行业混合(QDII)	QDII	100	41	100	100	85.25
114	001112	东方红中国优势混合	混合型	100	100	41	100	85.25
115	000309	大摩品质生活股票	股票型	100	100	100	41	85.25
116	202003	南方绩优成长混合	混合型	42	100	100	100	85.5
117	519714	交银消费新驱动股票	股票型	100	100	100	42	85.5
118	161217	国投瑞银中证指数	股票指数	100	100	43	100	85.75
119	001810	中欧潜力价值灵活配置混合	混合型	100	100	100	43	85.75
120	460010	华泰柏瑞亚洲领导企业混合	QDII	100	44	100	100	86.0
121	162415	华宝标普美国消费人民币	QDII-指数	100	100	44	100	86.0
122	160211	国泰中小盘成长混合(LOF)	混合型	45	100	100	100	86.25
123	001178	前海开源再融资股票	股票型	100	100	100	45	86.25
124	373010	上投摩根双息平衡混合A	混合型	46	100	100	100	86.5
125	539002	建信新兴市场混合(QDII)	QDII	100	46	100	100	86.5
126	160716	嘉实基本面50	股票指数	100	100	46	100	86.5
127	200012	长城中小盘成长混合	混合型	100	100	100	46	86.5
128	200006	长城消费增值混合	混合型	47	100	100	100	86.75
129	161229	国投瑞银中国价值发现股票	QDII	100	47	100	100	86.75
130	000248	汇添富中证主要消费ETF联接	联接基金	100	100	47	100	86.75
131	000628	大成高新技术产业股票	股票型	100	100	100	47	86.75
132	160212	国泰估值优势混合(LOF)	混合型	48	100	100	100	87.0
133	160322	华夏港股通精选股票LOF	股票型	100	48	100	100	87.0
134	001927	华夏消费升级灵活配置混合A	混合型	100	100	48	100	87.0
135	020023	国泰事件驱动策略混合	混合型	100	100	100	48	87.0
136	519908	华夏兴华混合A	混合型	49	100	100	100	87.25
137	540002	汇丰晋信龙腾混合	混合型	100	100	49	100	87.25
138	540009	汇丰晋信消费红利	股票型	100	50	100	100	87.5
139	519095	新华行业周期轮换混合	混合型	100	100	50	100	87.5
140	540006	汇丰晋信大盘股票A	股票型	100	100	100	50	87.5
